   47.9055   55.4394  103.2113   48.9429   38.2743   50.9714
   48.1975   55.3649  103.3179   48.9204   39.5718   50.9749
   48.4887   55.5832  103.2813   49.0720   39.3223   52.1610
   48.7832   55.4616  103.3153   49.0191   38.9088   51.9206
   49.0849   55.5694  103.3929   49.1966   39.1237   53.1799
   49.3775   55.6104  103.4383   49.2558   39.1458   53.6510
   49.6714   55.7819  103.4252   49.2850   39.2803   53.8300
   49.9634   55.7329  103.4445   49.2382   39.2616   53.5482
   50.4846   55.7662  103.4491   49.2214   40.3831   53.4783
   50.5632   55.6768  103.6479   49.1752   40.5788   53.1971
   50.8621   55.8132  103.5990   49.2245   41.0071   53.5204
   51.3785   55.8025  103.6052   49.2781   41.0505   53.8045
   51.6810   55.7531  103.6298   49.2922   40.2532   53.8991
   51.9833   55.7535  103.7915   49.3010   41.2713   53.8648
   52.2826   55.9400  103.8708   49.3959   41.2305   54.4558
   52.5804   55.9498  103.9200   49.4055   41.0334   54.5436
   52.8822   55.9910  104.0738   49.4069   41.5058   54.5034
   53.1814   56.0190  104.0717   49.4062   41.1879   54.4620
   53.4829   56.1447  104.1339   49.4496   40.9125   54.6638
   53.7855   56.0095  104.1719   49.3961   41.3305   54.2971
   54.0844   56.0132  104.1945   49.3069   41.5394   53.6315
   54.3882   55.9522  104.2995   49.1688   41.1336   52.7489
   54.6696   56.0391  104.2789   49.1432   41.6985   52.6113
   54.9732   56.0446  104.2961   49.0947   41.7047   52.3251
   55.2729   55.9717  104.3315   49.0192   41.5922   51.9370
   55.5743   55.9670  104.4360   49.0090   42.4295   51.9330
   55.8838   55.9884  104.5079   48.9214   42.5075   51.4177
   55.9584   56.0325  104.6165   48.9642   43.0466   51.8267
   56.4901   55.9463  104.6789   48.8510   43.3799   51.1555
   56.5734   55.9025  104.8658   48.8255   44.4320   51.0942
   57.0977   55.9480  104.9659   48.8812   45.0323   51.5615
   57.3904   56.0386  104.9300   49.0319   45.9923   52.5714
   57.6941   56.0079  104.8946   49.0628   46.2909   52.8271
   58.0072   55.9934  105.1064   49.1539   46.6872   53.3597
   58.0848   55.9919  105.2731   49.2210   47.4099   53.7986
   58.3803   56.0481  105.3860   49.3080   47.8069   54.3013
   58.6808   56.0373  105.4427   49.3246   47.8305   54.4018
   58.9888   55.9708  105.7742   49.3127   49.2388   54.2639
   59.2881   55.9511  106.0446   49.3133   49.7670   54.2589
   59.5896   56.0282  106.1639   49.3729   50.0085   54.5633
   59.8946   56.0356  106.3088   49.3766   50.3059   54.5927
   60.2030   55.9994  106.5489   49.3557   51.0463   54.4310
   60.5077   55.9205  106.8425   49.3245   51.4870   54.2023
   60.8174   55.9569  107.0109   49.3599   52.4199   54.3768
   61.1233   55.9547  107.1399   49.3611   52.9857   54.3977
   61.4387   55.8886  107.4358   49.3276   53.2858   54.1620
   61.7359   55.8497  107.6436   49.3107   53.9835   54.0364
   62.0440   55.9188  107.6446   49.3572   53.2834   54.2528
   62.3474   55.9314  107.9247   49.3052   53.1796   53.8925
   62.6477   55.8535  108.3127   49.1846   53.3290   53.1071