56.6389 46.8797 31.2270 92.8128 33.2431 52.7077
56.7344 46.8802 31.2011 92.8010 33.2429 52.7078
56.8339 46.8808 30.6022 92.8692 31.3067 53.0137
56.9375 46.8815 30.0698 92.9453 29.6684 53.3604
57.0453 46.8823 29.5813 93.0117 28.1871 53.6617
57.1576 46.8831 29.5069 93.0062 28.1871 53.6617
57.2743 46.8841 29.1018 93.0612 27.0810 53.8655
57.3958 46.8851 28.7097 93.0658 25.9277 53.5514
57.5221 46.8863 28.2520 93.1129 24.7206 53.8213
57.6532 46.8876 28.1485 93.1082 24.7206 53.8213
57.7893 46.8890 27.8286 93.1122 23.9981 53.8191
57.9304 46.8905 27.3638 93.1605 23.3147 54.3807
58.0765 46.8922 27.1757 93.1830 23.1859 54.8867
58.2278 46.8939 27.0593 93.1849 23.1859 54.8867
58.3841 46.8958 27.0474 93.1683 23.5751 54.8859
58.5454 46.8977 27.0170 93.1910 23.9855 55.3721
58.7117 46.8998 27.0600 93.1742 24.6444 55.6326
58.8829 46.9019 26.9559 93.1804 24.6444 55.6326
59.0589 46.9040 26.9938 93.1067 25.0649 54.9469
59.2396 46.9062 27.0024 93.0760 25.4934 54.7618
59.4248 46.9084 26.9933 93.0441 25.8504 54.5533
59.6143 46.9105 26.8878 93.0447 25.8504 54.5524
59.8080 46.9126 26.8608 92.9971 26.1322 54.3125
60.0056 46.9147 26.8056 92.9635 26.2478 54.0263
60.2069 46.9166 26.7421 92.9465 26.3849 54.1187
60.4117 46.9183 26.6526 92.9437 26.3849 54.1187
60.6198 46.9198 26.5663 92.9435 26.3573 54.1329
60.8308 46.9211 26.5488 92.9437 26.6200 54.3348
61.0447 46.9221 26.5474 92.9358 26.9214 54.4857
61.2610 46.9227 26.4700 92.9345 26.9214 54.4863
61.4796 46.9229 26.4660 92.9529 27.2122 54.7287
61.7003 46.9227 26.4998 92.9011 27.6248 54.6319
61.9228 46.9221 26.5574 92.8897 28.0770 54.5946
62.1565 46.9209 26.4819 92.8895 28.0770 54.5946
62.3902 46.9191 26.5011 92.8764 28.4186 54.7270
62.6238 46.9167 26.5746 92.8471 28.8541 54.5284
62.8574 46.9136 26.6106 92.8208 29.1610 54.5119
63.0910 46.9098 26.5529 92.8198 29.1610 54.5124
63.3245 46.9052 26.5930 92.7857 29.4696 54.4770
63.5580 46.8997 26.6516 92.7727 29.7897 54.4267
63.7914 46.8934 26.7897 92.8243 30.3963 54.7753
64.0249 46.8862 26.7443 92.8245 30.3963 54.7758
64.2583 46.8780 26.9017 92.9059 31.0364 55.2773
64.4916 46.8688 27.0498 92.9751 31.6152 55.6987
64.7249 46.8585 27.2269 93.0176 32.2442 55.8468
64.9583 46.8470 27.1972 93.0242 32.2444 55.8472
65.1915 46.8344 27.3728 93.0522 32.8645 55.9629
65.4248 46.8207 27.5790 93.0943 33.5978 56.1081
65.6580 46.8056 27.7963 93.1059 34.3598 56.1532
65.8912 46.7893 28.3389 93.0137 36.0305 55.5335